%YAML:1.0
R: !!opencv-matrix
   rows: 3
   cols: 3
   dt: d
   data: [ 9.9999296594380227e-001, -3.1716725505780419e-003,
       2.0021378946925338e-003, 3.1971886653521216e-003,
       9.9991203381720783e-001, -1.2872552667331600e-002,
       -1.9611342523136940e-003, 1.2878863333656109e-002,
       9.9991514081529820e-001 ]
T: !!opencv-matrix
   rows: 3
   cols: 1
   dt: d
   data: [ -8.3807409311349076e+001, 1.8498502741854764e-001,
       -3.2957794704361811e+000 ]
R1: !!opencv-matrix
   rows: 3
   cols: 3
   dt: d
   data: [ 9.9913406937057792e-001, -4.8684973528993385e-003,
       4.1320807791159882e-002, 5.1356759577802710e-003,
       9.9996657260680044e-001, -6.3622717220413036e-003,
       -4.1288451841233323e-002, 6.5689727152136038e-003,
       9.9912567394798779e-001 ]
R2: !!opencv-matrix
   rows: 3
   cols: 3
   dt: d
   data: [ 9.9922521263991959e-001, -2.2055532425633755e-003,
       3.9295164582956905e-002, 1.9513351580062882e-003,
       9.9997692776727543e-001, 6.5066292519358844e-003,
       -3.9308608673019448e-002, -6.4249099616443877e-003,
       9.9920646205685448e-001 ]
P1: !!opencv-matrix
   rows: 3
   cols: 4
   dt: d
   data: [ 4.9933545988276768e+002, 0., 2.8053585433959961e+002, 0., 0.,
       4.9933545988276768e+002, 2.4540415191650391e+002, 0., 0., 0., 1.,
       0. ]
P2: !!opencv-matrix
   rows: 3
   cols: 4
   dt: d
   data: [ 4.9933545988276768e+002, 0., 2.8053585433959961e+002,
       -4.1880459720891951e+004, 0., 4.9933545988276768e+002,
       2.4540415191650391e+002, 0., 0., 0., 1., 0. ]
Q: !!opencv-matrix
   rows: 4
   cols: 4
   dt: d
   data: [ 1., 0., 0., -2.8053585433959961e+002, 0., 1., 0.,
       -2.4540415191650391e+002, 0., 0., 0., 4.9933545988276768e+002, 0.,
       0., 1.1922874371736556e-002, 0. ]
