%YAML:1.0
M1: !!opencv-matrix
   rows: 3
   cols: 3
   dt: d
   data: [ 5.4226541143731470e+002, 0., 3.1567829531853630e+002, 0.,
       5.4240210160404263e+002, 2.4673338535537275e+002, 0., 0., 1. ]
D1: !!opencv-matrix
   rows: 1
   cols: 5
   dt: d
   data: [ -1.1780145934685293e-001, 2.0080555579215720e-001,
       -6.3501074120181158e-005, -7.1466143372941285e-004,
       -1.1501373472169568e-001 ]
M2: !!opencv-matrix
   rows: 3
   cols: 3
   dt: d
   data: [ 5.4023819935173196e+002, 0., 3.0037121971799729e+002, 0.,
       5.4032569993151196e+002, 2.4419761483441607e+002, 0., 0., 1. ]
D2: !!opencv-matrix
   rows: 1
   cols: 5
   dt: d
   data: [ -1.2270856337263873e-001, 2.2899532829194483e-001,
       9.7327837785663850e-004, 1.2775831112326243e-003,
       -1.7888337793591061e-001 ]
