%YAML:1.0
M1: !!opencv-matrix
   rows: 3
   cols: 3
   dt: d
   data: [ 5.3965684452821188e+002, 0., 3.1668974042737062e+002, 0.,
       5.3928421750515940e+002, 2.4678741896651272e+002, 0., 0., 1. ]
D1: !!opencv-matrix
   rows: 1
   cols: 5
   dt: d
   data: [ -1.2665732708354360e-001, 2.2071762571447873e-001,
       6.8426898990632946e-004, -1.1362822236135648e-004,
       -1.6073968786852813e-001 ]
M2: !!opencv-matrix
   rows: 3
   cols: 3
   dt: d
   data: [ 5.3813260601469790e+002, 0., 3.0141196224282788e+002, 0.,
       5.3727030278697009e+002, 2.4493427647118313e+002, 0., 0., 1. ]
D2: !!opencv-matrix
   rows: 1
   cols: 5
   dt: d
   data: [ -1.0898523207890452e-001, 1.4961865191811932e-001,
       1.3633129321042989e-003, 1.1359498917542356e-003,
       -6.0218261518108822e-002 ]
