%YAML:1.0
R: !!opencv-matrix
   rows: 3
   cols: 3
   dt: d
   data: [ 9.9966589218343049e-001, -2.3846994881619451e-002,
       -9.9712005406573379e-003, 2.4088408382616489e-002,
       9.9940128618651014e-001, 2.4835815878317024e-002,
       9.3729710710255126e-003, -2.5067708388789512e-002,
       9.9964181455631218e-001 ]
T: !!opencv-matrix
   rows: 3
   cols: 1
   dt: d
   data: [ -4.8906371960789388e+000, -6.3975106142783705e-002,
       -6.4749065308061182e-002 ]
R1: !!opencv-matrix
   rows: 3
   cols: 3
   dt: d
   data: [ 9.9993191637907375e-001, -1.1103645756263226e-002,
       3.5877092123701884e-003, 1.1058193822058988e-002,
       9.9986135304008494e-001, 1.2449540001312645e-002,
       -3.7254470693978674e-003, -1.2409018807702924e-002,
       9.9991606512565001e-001 ]
R2: !!opencv-matrix
   rows: 3
   cols: 3
   dt: d
   data: [ 9.9982684612525297e-001, 1.3078874191803577e-002,
       1.3237100026239793e-002, -1.2913326235199783e-002,
       9.9983829100844746e-001, -1.2515503939131386e-002,
       -1.3398648169610420e-002, 1.2342401840083098e-002,
       9.9983405690346683e-001 ]
P1: !!opencv-matrix
   rows: 3
   cols: 4
   dt: d
   data: [ 3.9941870694056115e+002, 0., 3.2007411193847656e+002, 0., 0.,
       3.9941870694056115e+002, 2.4508056068420410e+002, 0., 0., 0., 1.,
       0. ]
P2: !!opencv-matrix
   rows: 3
   cols: 4
   dt: d
   data: [ 3.9941870694056115e+002, 0., 3.2007411193847656e+002,
       -1.9537502844052940e+003, 0., 3.9941870694056115e+002,
       2.4508056068420410e+002, 0., 0., 0., 1., 0. ]
Q: !!opencv-matrix
   rows: 4
   cols: 4
   dt: d
   data: [ 1., 0., 0., -3.2007411193847656e+002, 0., 1., 0.,
       -2.4508056068420410e+002, 0., 0., 0., 3.9941870694056115e+002, 0.,
       0., -2.0443692836730207e-001, 0. ]
