%YAML:1.0
R: !!opencv-matrix
   rows: 3
   cols: 3
   dt: d
   data: [ 9.9998370418865190e-01, -2.6327068739036572e-03,
       -5.0655909486282610e-03, 2.5844030618766695e-03,
       9.9995135638108512e-01, -9.5187043467971737e-03,
       5.0904044983170662e-03, 9.5054577030289980e-03,
       9.9994186533813023e-01 ]
T: !!opencv-matrix
   rows: 3
   cols: 1
   dt: d
   data: [ -8.7781342657484984e+01, 2.3883823145881236e-01,
       -4.1348082066434495e+00 ]
R1: !!opencv-matrix
   rows: 3
   cols: 3
   dt: d
   data: [ 9.9910499157151778e-01, -4.9002143470991593e-03,
       4.2014327511334229e-02, 5.1014016688685337e-03,
       9.9997602388828366e-01, -4.6826647960090421e-03,
       -4.1990374109908052e-02, 4.8928057320315596e-03,
       9.9910603488027161e-01 ]
R2: !!opencv-matrix
   rows: 3
   cols: 3
   dt: d
   data: [ 9.9888878377589962e-01, -2.7178079454990710e-03,
       4.7051154785778142e-02, 2.4923952499696349e-03,
       9.9998513841549497e-01, 4.8488054262282804e-03,
       -4.7063633652978804e-02, -4.7261472802774974e-03,
       9.9888071255744204e-01 ]
P1: !!opencv-matrix
   rows: 3
   cols: 4
   dt: d
   data: [ 4.8972844755729409e+02, 0., 2.7898063278198242e+02, 0., 0.,
       4.8972844755729409e+02, 2.3039820289611816e+02, 0., 0., 0., 1.,
       0. ]
P2: !!opencv-matrix
   rows: 3
   cols: 4
   dt: d
   data: [ 4.8972844755729409e+02, 0., 2.7898063278198242e+02,
       -4.3036843903324436e+04, 0., 4.8972844755729409e+02,
       2.3039820289611816e+02, 0., 0., 0., 1., 0. ]
Q: !!opencv-matrix
   rows: 4
   cols: 4
   dt: d
   data: [ 1., 0., 0., -2.7898063278198242e+02, 0., 1., 0.,
       -2.3039820289611816e+02, 0., 0., 0., 4.8972844755729409e+02, 0.,
       0., -1.1379283496192071e-02, 0. ]
