%YAML:1.0
R: !!opencv-matrix
   rows: 3
   cols: 3
   dt: d
   data: [ 9.9992405618503044e-001, -3.7601901985954058e-003,
       1.1736389229506965e-002, 3.8098982862784488e-003,
       9.9998385529602385e-001, -4.2159011313123622e-003,
       -1.1720347158864903e-002, 4.2602954089094999e-003,
       9.9992223864933849e-001 ]
T: !!opencv-matrix
   rows: 3
   cols: 1
   dt: d
   data: [ -8.3723753109103043e+001, 1.7337106941570132e-001,
       8.9312064840936134e-001 ]
R1: !!opencv-matrix
   rows: 3
   cols: 3
   dt: d
   data: [ 9.9998215461814755e-001, -5.8760077097082964e-003,
       1.0784148751205209e-003, 5.8782625115914137e-003,
       9.9998051839988700e-001, -2.0997263007969565e-003,
       -1.0660558579414182e-003, 2.1060280361116695e-003,
       9.9999721408152886e-001 ]
R2: !!opencv-matrix
   rows: 3
   cols: 3
   dt: d
   data: [ 9.9994096376174646e-001, -2.0706290366071145e-003,
       -1.0666840517337926e-002, 2.0930559446962200e-003,
       9.9999562183119173e-001, 2.0917541109668290e-003,
       1.0662462569309871e-002, -2.1139569156287345e-003,
       9.9994091979382316e-001 ]
P1: !!opencv-matrix
   rows: 3
   cols: 4
   dt: d
   data: [ 5.0619646001198805e+002, 0., 3.1476753997802734e+002, 0., 0.,
       5.0619646001198805e+002, 2.4829644966125488e+002, 0., 0., 0., 1.,
       0. ]
P2: !!opencv-matrix
   rows: 3
   cols: 4
   dt: d
   data: [ 5.0619646001198805e+002, 0., 3.1476753997802734e+002,
       -4.2383169585643220e+004, 0., 5.0619646001198805e+002,
       2.4829644966125488e+002, 0., 0., 0., 1., 0. ]
Q: !!opencv-matrix
   rows: 4
   cols: 4
   dt: d
   data: [ 1., 0., 0., -3.1476753997802734e+002, 0., 1., 0.,
       -2.4829644966125488e+002, 0., 0., 0., 5.0619646001198805e+002, 0.,
       0., 1.1943336587631141e-002, 0. ]
