%YAML:1.0
R: !!opencv-matrix
   rows: 3
   cols: 3
   dt: d
   data: [ 9.9999918423916312e-01, -7.5891115117111396e-04,
       -1.0274117348161276e-03, 7.4953694385294640e-04,
       9.9995836832857632e-01, -9.0939432602769651e-03,
       1.0342704568967128e-03, 9.0931657587424077e-03,
       9.9995812143364582e-01 ]
T: !!opencv-matrix
   rows: 3
   cols: 1
   dt: d
   data: [ -3.4599259465537271e+00, 1.0431307840515869e-02,
       8.9239014756211862e-02 ]
R1: !!opencv-matrix
   rows: 3
   cols: 3
   dt: d
   data: [ 9.9963326589824308e-01, -4.0068608020444717e-03,
       -2.6782060714691341e-02, 3.8851541741590149e-03,
       9.9998189641184676e-01, -4.5948259607392012e-03,
       2.6799986691328569e-02, 4.4890884463894970e-03,
       9.9963073622126342e-01 ]
R2: !!opencv-matrix
   rows: 3
   cols: 3
   dt: d
   data: [ 9.9966300749137826e-01, -3.0138773861052848e-03,
       -2.5783483015181057e-02, 3.1309743707584573e-03,
       9.9998496264726966e-01, 4.5023859039730598e-03,
       2.5769525660792839e-02, -4.5815960581619148e-03,
       9.9965741157897570e-01 ]
P1: !!opencv-matrix
   rows: 3
   cols: 4
   dt: d
   data: [ 4.3137594634386630e+02, 0., 3.2163146972656250e+02, 0., 0.,
       4.3137594634386630e+02, 2.2520241737365723e+02, 0., 0., 0., 1.,
       0. ]
P2: !!opencv-matrix
   rows: 3
   cols: 4
   dt: d
   data: [ 4.3137594634386630e+02, 0., 3.2163146972656250e+02,
       -1.4930319700633559e+03, 0., 4.3137594634386630e+02,
       2.2520241737365723e+02, 0., 0., 0., 1., 0. ]
Q: !!opencv-matrix
   rows: 4
   cols: 4
   dt: d
   data: [ 1., 0., 0., -3.2163146972656250e+02, 0., 1., 0.,
       -2.2520241737365723e+02, 0., 0., 0., 4.3137594634386630e+02, 0.,
       0., -2.8892612816962060e-01, 0. ]
