%YAML:1.0
R: !!opencv-matrix
   rows: 3
   cols: 3
   dt: d
   data: [ 9.9996194237620184e-001, 3.2276886201782042e-003,
       -8.1052961318392111e-003, -3.1750034590282642e-003,
       9.9997380463587393e-001, 6.5045672484871772e-003,
       8.1260785283428158e-003, -6.4785853568588266e-003,
       9.9994599593154287e-001 ]
T: !!opencv-matrix
   rows: 3
   cols: 1
   dt: d
   data: [ 8.3357277175856055e+001, -4.3066162973397148e-001,
       -2.0462580637861074e+000 ]
R1: !!opencv-matrix
   rows: 3
   cols: 3
   dt: d
   data: [ 9.9946443518691042e-001, -1.7790348629161126e-003,
       -3.2675339806444770e-002, 1.8841088383681694e-003,
       9.9999315233268249e-001, 3.1851878483757741e-003,
       3.2669449496361108e-002, -3.2450458703670855e-003,
       9.9946094308227174e-001 ]
R2: !!opencv-matrix
   rows: 3
   cols: 3
   dt: d
   data: [ 9.9968549908019411e-001, -5.1648302444792888e-003,
       -2.4540323089337793e-002, 5.0858867609534786e-003,
       9.9998169336441356e-001, -3.2782147420058671e-003,
       2.4556805261233255e-002, 3.1523744361446246e-003,
       9.9969346594382436e-001 ]
P1: !!opencv-matrix
   rows: 3
   cols: 4
   dt: d
   data: [ 5.0228144738827933e+002, 0., 3.2802265930175781e+002, 0., 0.,
       5.0228144738827933e+002, 2.4579151344299316e+002, 0., 0., 0., 1.,
       0. ]
P2: !!opencv-matrix
   rows: 3
   cols: 4
   dt: d
   data: [ 5.0228144738827933e+002, 0., 3.2802265930175781e+002,
       4.1881985753277680e+004, 0., 5.0228144738827933e+002,
       2.4579151344299316e+002, 0., 0., 0., 1., 0. ]
Q: !!opencv-matrix
   rows: 4
   cols: 4
   dt: d
   data: [ 1., 0., 0., -3.2802265930175781e+002, 0., 1., 0.,
       -2.4579151344299316e+002, 0., 0., 0., 5.0228144738827933e+002, 0.,
       0., -1.1992780150090445e-002, 0. ]
