%YAML:1.0
M1: !!opencv-matrix
   rows: 3
   cols: 3
   dt: d
   data: [ 5.5220178123901439e+02, 0., 3.3521112960927906e+02, 0.,
       5.5273930026495157e+02, 2.2247169978624080e+02, 0., 0., 1. ]
D1: !!opencv-matrix
   rows: 1
   cols: 5
   dt: d
   data: [ -9.1968884759984659e-02, 1.4346667295206056e-01,
       -2.4243574665953451e-03, -2.5416989280775872e-03,
       -3.4932552400035566e-02 ]
M2: !!opencv-matrix
   rows: 3
   cols: 3
   dt: d
   data: [ 5.4372623748231229e+02, 0., 2.8636676271610014e+02, 0.,
       5.4380241080984115e+02, 2.3935507114604161e+02, 0., 0., 1. ]
D2: !!opencv-matrix
   rows: 1
   cols: 5
   dt: d
   data: [ -1.0622375638861078e-01, 2.0476772452793565e-01,
       -1.7539349003209714e-03, 8.1392925634356543e-04,
       -1.5287827044357324e-01 ]
