%YAML:1.0
M1: !!opencv-matrix
   rows: 3
   cols: 3
   dt: d
   data: [ 5.4548209932401880e+002, 0., 2.9863864897639098e+002, 0.,
       5.4545203306989845e+002, 2.4433163190187693e+002, 0., 0., 1. ]
D1: !!opencv-matrix
   rows: 1
   cols: 5
   dt: d
   data: [ -1.2726066998611846e-001, 1.9553154777178680e-001,
       2.9677050342266658e-004, 2.1697807742630882e-003,
       -1.0368598544120326e-001 ]
M2: !!opencv-matrix
   rows: 3
   cols: 3
   dt: d
   data: [ 5.3788686176123133e+002, 0., 3.1591416371200648e+002, 0.,
       5.3845151086499629e+002, 2.4750412866581641e+002, 0., 0., 1. ]
D2: !!opencv-matrix
   rows: 1
   cols: 5
   dt: d
   data: [ -1.3264566822509918e-001, 2.4947215936405859e-001,
       4.2350040395998259e-005, -2.2644152367457820e-004,
       -1.9744958862896311e-001 ]
