%YAML:1.0
M1: !!opencv-matrix
   rows: 3
   cols: 3
   dt: d
   data: [ 5.3860158326593921e+02, 0., 3.3460213194908755e+02, 0.,
       5.4056302461882103e+02, 2.2072059300457914e+02, 0., 0., 1. ]
D1: !!opencv-matrix
   rows: 1
   cols: 5
   dt: d
   data: [ -1.2847134652684064e-01, 2.2303307863631219e-01,
       -3.1956758821702932e-03, 9.3889050688613686e-04,
       -1.3741036019929256e-01 ]
M2: !!opencv-matrix
   rows: 3
   cols: 3
   dt: d
   data: [ 5.3981797309084573e+02, 0., 2.8501126762348747e+02, 0.,
       5.4102343855055449e+02, 2.3544156139507942e+02, 0., 0., 1. ]
D2: !!opencv-matrix
   rows: 1
   cols: 5
   dt: d
   data: [ -1.4250214122815474e-01, 3.7274357682995357e-01,
       -2.8457446884417514e-03, 2.7948692088873360e-03,
       -4.9589051746939422e-01 ]
