%YAML:1.0
M1: !!opencv-matrix
   rows: 3
   cols: 3
   dt: d
   data: [ 5.3150650851929947e+002, 0., 3.1913580099399445e+002, 0.,
       5.3199022984285932e+002, 2.5000689832413943e+002, 0., 0., 1. ]
D1: !!opencv-matrix
   rows: 1
   cols: 5
   dt: d
   data: [ -1.1780325396420213e-001, 1.7429986718898233e-001,
       1.4658210079270546e-003, 1.1473812100716314e-003,
       -8.1820465183381694e-002 ]
M2: !!opencv-matrix
   rows: 3
   cols: 3
   dt: d
   data: [ 5.3550573548385489e+002, 0., 3.0088332297851770e+002, 0.,
       5.3609598470497042e+002, 2.4561424603552126e+002, 0., 0., 1. ]
D2: !!opencv-matrix
   rows: 1
   cols: 5
   dt: d
   data: [ -1.0975297377253836e-001, 1.3442649091983280e-001,
       1.9467631196541939e-003, 1.8864992513408937e-003,
       -4.1385597212222146e-002 ]
