%YAML:1.0
M1: !!opencv-matrix
   rows: 3
   cols: 3
   dt: d
   data: [ 5.2599879892644390e+02, 0., 3.2472513452063902e+02, 0.,
       5.2599879892644390e+02, 2.4417089509561586e+02, 0., 0., 1. ]
D1: !!opencv-matrix
   rows: 1
   cols: 8
   dt: d
   data: [ -3.6019964366451213e-01, 2.0490282046295935e-01, 0., 0., 0.,
       0., 0., 7.0261058011161295e-02 ]
M2: !!opencv-matrix
   rows: 3
   cols: 3
   dt: d
   data: [ 5.2599879892644390e+02, 0., 3.2442468334078484e+02, 0.,
       5.2599879892644390e+02, 2.4487309056285389e+02, 0., 0., 1. ]
D2: !!opencv-matrix
   rows: 1
   cols: 8
   dt: d
   data: [ -3.5437989873886855e-01, 1.6569358532902986e-01, 0., 0., 0.,
       0., 0., 2.4176875976148461e-02 ]
