%YAML:1.0
R: !!opencv-matrix
   rows: 3
   cols: 3
   dt: d
   data: [ 9.9993321545052150e-01, -2.2415819072804876e-03,
       -1.1337546001405531e-02, 2.1768881805501882e-03,
       9.9998129822268755e-01, -5.7152745094059655e-03,
       1.1350145225080368e-02, 5.6902122474858071e-03,
       9.9991939459535850e-01 ]
T: !!opencv-matrix
   rows: 3
   cols: 1
   dt: d
   data: [ -8.6801614030496580e+01, 2.5866446937699455e-01,
       9.7402724273051766e-01 ]
R1: !!opencv-matrix
   rows: 3
   cols: 3
   dt: d
   data: [ 9.9973198646877692e-01, -5.2849715814928516e-03,
       -2.2539394547685197e-02, 5.2206249040716137e-03,
       9.9998213034596906e-01, -2.9127417235789775e-03,
       2.2554385533735906e-02, 2.7942913448857618e-03,
       9.9974171245831067e-01 ]
R2: !!opencv-matrix
   rows: 3
   cols: 3
   dt: d
   data: [ 9.9993260793766703e-01, -2.9797491709551887e-03,
       -1.1220547128117327e-02, 3.0117577392849656e-03,
       9.9999144073802504e-01, 2.8368584753306323e-03,
       1.1211997961824972e-02, -2.8704608632395484e-03,
       9.9993302353514490e-01 ]
P1: !!opencv-matrix
   rows: 3
   cols: 4
   dt: d
   data: [ 4.8459025029978955e+02, 0., 3.2347817993164062e+02, 0., 0.,
       4.8459025029978955e+02, 2.3492526245117188e+02, 0., 0., 0., 1.,
       0. ]
P2: !!opencv-matrix
   rows: 3
   cols: 4
   dt: d
   data: [ 4.8459025029978955e+02, 0., 3.2347817993164062e+02,
       -4.2066050787380838e+04, 0., 4.8459025029978955e+02,
       2.3492526245117188e+02, 0., 0., 0., 1., 0. ]
Q: !!opencv-matrix
   rows: 4
   cols: 4
   dt: d
   data: [ 1., 0., 0., -3.2347817993164062e+02, 0., 1., 0.,
       -2.3492526245117188e+02, 0., 0., 0., 4.8459025029978955e+02, 0.,
       0., -1.1519746713308280e-02, 0. ]
