%YAML:1.0
R: !!opencv-matrix
   rows: 3
   cols: 3
   dt: d
   data: [ 9.9999901308425621e-01, 4.2734733133439602e-04,
       1.3383589846861154e-03, -4.4714132802662460e-04,
       9.9989001045895409e-01, 1.4824542118581351e-02,
       -1.3318765506830077e-03, -1.4825125923621127e-02,
       9.9988921473641401e-01 ]
T: !!opencv-matrix
   rows: 3
   cols: 1
   dt: d
   data: [ 3.4551266900513249e+00, -1.2433522594118404e-02,
       1.8110821042134503e-02 ]
R1: !!opencv-matrix
   rows: 3
   cols: 3
   dt: d
   data: [ 9.9997342886967888e-01, -3.2484725490465618e-03,
       6.5260233462252496e-03, 3.1999966168976537e-03,
       9.9996731523279003e-01, 7.4248560779395000e-03,
       -6.5499294858211796e-03, -7.4037755384913197e-03,
       9.9995114007210684e-01 ]
R2: !!opencv-matrix
   rows: 3
   cols: 3
   dt: d
   data: [ 9.9997978791606346e-01, -3.5984993900547062e-03,
       5.2416182123910093e-03, 3.6372639451985721e-03,
       9.9996596852764141e-01, -7.4048698549754833e-03,
       -5.2147934127491375e-03, 7.4237853360628612e-03,
       9.9995884582364003e-01 ]
P1: !!opencv-matrix
   rows: 3
   cols: 4
   dt: d
   data: [ 4.8776839022430124e+02, 0., 2.9849168014526367e+02, 0., 0.,
       4.8776839022430124e+02, 2.2667702102661133e+02, 0., 0., 0., 1.,
       0. ]
P2: !!opencv-matrix
   rows: 3
   cols: 4
   dt: d
   data: [ 4.8776839022430124e+02, 0., 2.9849168014526367e+02,
       1.6853356477729269e+03, 0., 4.8776839022430124e+02,
       2.2667702102661133e+02, 0., 0., 0., 1., 0. ]
Q: !!opencv-matrix
   rows: 4
   cols: 4
   dt: d
   data: [ 1., 0., 0., -2.9849168014526367e+02, 0., 1., 0.,
       -2.2667702102661133e+02, 0., 0., 0., 4.8776839022430124e+02, 0.,
       0., 2.8941913788440826e-01, 0. ]
