%YAML:1.0
R: !!opencv-matrix
   rows: 3
   cols: 3
   dt: d
   data: [ 9.9966589216831359e-01, -2.3846994804259721e-02,
       -9.9712022412180613e-03, 2.4088408397832380e-02,
       9.9940128605383183e-01, 2.4835821202572581e-02,
       9.3729726441988889e-03, -2.5067713752006286e-02,
       9.9964181440706978e-01 ]
T: !!opencv-matrix
   rows: 3
   cols: 1
   dt: d
   data: [ -4.8906371936872457e+00, -6.3975104461113041e-02,
       -6.4749056391805684e-02 ]
R1: !!opencv-matrix
   rows: 3
   cols: 3
   dt: d
   data: [ 9.9993191638828471e-01, -1.1103646043630108e-02,
       3.5877057557811452e-03, 1.1058194142352248e-02,
       9.9986135300330115e-01, 1.2449542671045566e-02,
       -3.7254436463774031e-03, -1.2409021514443248e-02,
       9.9991606510481257e-01 ]
R2: !!opencv-matrix
   rows: 3
   cols: 3
   dt: d
   data: [ 9.9982684615370410e-01, 1.3078873854774058e-02,
       1.3237098210261197e-02, -1.2913325884746873e-02,
       9.9983829097949894e-01, -1.2515506613366003e-02,
       -1.3398646384300123e-02, 1.2342404542300064e-02,
       9.9983405689403415e-01 ]
P1: !!opencv-matrix
   rows: 3
   cols: 4
   dt: d
   data: [ 3.9941875445111782e+02, 0., 3.2007411193847656e+02, 0., 0.,
       3.9941875445111782e+02, 2.4508055686950684e+02, 0., 0., 0., 1.,
       0. ]
P2: !!opencv-matrix
   rows: 3
   cols: 4
   dt: d
   data: [ 3.9941875445111782e+02, 0., 3.2007411193847656e+02,
       -1.9537505157913822e+03, 0., 3.9941875445111782e+02,
       2.4508055686950684e+02, 0., 0., 0., 1., 0. ]
Q: !!opencv-matrix
   rows: 4
   cols: 4
   dt: d
   data: [ 1., 0., 0., -3.2007411193847656e+02, 0., 1., 0.,
       -2.4508055686950684e+02, 0., 0., 0., 3.9941875445111782e+02, 0.,
       0., -2.0443692847309633e-01, 0. ]
