%YAML:1.0
M1: !!opencv-matrix
   rows: 3
   cols: 3
   dt: d
   data: [ 5.3823978691381069e+02, 0., 3.3819020708146752e+02, 0.,
       5.3920574359752936e+02, 2.2437181041029541e+02, 0., 0., 1. ]
D1: !!opencv-matrix
   rows: 1
   cols: 5
   dt: d
   data: [ -1.2863088786471125e-01, 2.0716346401084804e-01,
       -1.0392732163535185e-03, -1.0635600430414108e-03,
       -1.1974145558148869e-01 ]
M2: !!opencv-matrix
   rows: 3
   cols: 3
   dt: d
   data: [ 5.3556350589155682e+02, 0., 2.8303261461602119e+02, 0.,
       5.3624078086769453e+02, 2.3734913326387235e+02, 0., 0., 1. ]
D2: !!opencv-matrix
   rows: 1
   cols: 5
   dt: d
   data: [ -1.3220237988527456e-01, 2.1926516745219368e-01,
       -1.0942455672262325e-03, -1.2530783301904888e-03,
       -1.4906462531486214e-01 ]
