%YAML:1.0
R: !!opencv-matrix
   rows: 3
   cols: 3
   dt: d
   data: [ 9.9996939813185814e-01, -1.3659087529002242e-03,
       7.7030573857455563e-03, 1.3958655652388666e-03,
       9.9999147945536049e-01, -3.8849164731110742e-03,
       -7.6976853100863378e-03, 3.8955500199612325e-03,
       9.9996278447295672e-01 ]
T: !!opencv-matrix
   rows: 3
   cols: 1
   dt: d
   data: [ -8.6341335038966221e+01, 2.9023021841960867e-01,
       7.8534445142481890e-01 ]
R1: !!opencv-matrix
   rows: 3
   cols: 3
   dt: d
   data: [ 9.9998770791431468e-01, -4.7625178177712882e-03,
       -1.3792912350095252e-03, 4.7598392804120418e-03,
       9.9998679244073541e-01, -1.9387816055737794e-03,
       1.3885064998801007e-03, 1.9321925693046181e-03,
       9.9999716933678118e-01 ]
R2: !!opencv-matrix
   rows: 3
   cols: 3
   dt: d
   data: [ 9.9995298682757183e-01, -3.3612704001464580e-03,
       -9.0953832198145367e-03, 3.3788683618931003e-03,
       9.9999244810897636e-01, 1.9201493715499023e-03,
       9.0888603912251866e-03, -1.9507912018371482e-03,
       9.9995679258179737e-01 ]
P1: !!opencv-matrix
   rows: 3
   cols: 4
   dt: d
   data: [ 4.8019334530774984e+02, 0., 3.1331878662109375e+02, 0., 0.,
       4.8019334530774984e+02, 2.3066964912414551e+02, 0., 0., 0., 1.,
       0. ]
P2: !!opencv-matrix
   rows: 3
   cols: 4
   dt: d
   data: [ 4.8019334530774984e+02, 0., 3.1331878662109375e+02,
       -4.1462483793598331e+04, 0., 4.8019334530774984e+02,
       2.3066964912414551e+02, 0., 0., 0., 1., 0. ]
Q: !!opencv-matrix
   rows: 4
   cols: 4
   dt: d
   data: [ 1., 0., 0., -3.1331878662109375e+02, 0., 1., 0.,
       -2.3066964912414551e+02, 0., 0., 0., 4.8019334530774984e+02, 0.,
       0., -1.1581393620752892e-02, 0. ]
