%YAML:1.0
R: !!opencv-matrix
   rows: 3
   cols: 3
   dt: d
   data: [ 9.9999565923089673e-001, -1.8575313264508032e-003,
       2.2871590971085339e-003, 1.8725374491378964e-003,
       9.9997662158592238e-001, -6.5764644837827627e-003,
       -2.2748896381601775e-003, 6.5807187279303975e-003,
       9.9997575921527115e-001 ]
T: !!opencv-matrix
   rows: 3
   cols: 1
   dt: d
   data: [ -3.4485749378762218e+000, 8.3779206473230932e-003,
       -8.6015423409762943e-003 ]
R1: !!opencv-matrix
   rows: 3
   cols: 3
   dt: d
   data: [ 9.9997937460448749e-001, -4.2704210958501186e-003,
       4.7972772780080488e-003, 4.2861767822073909e-003,
       9.9998543886989044e-001, -3.2788316187683849e-003,
       -4.7832054325149280e-003, 3.2993259700562303e-003,
       9.9998311755445835e-001 ]
R2: !!opencv-matrix
   rows: 3
   cols: 3
   dt: d
   data: [ 9.9999393850224483e-001, -2.4293715565023564e-003,
       2.4942158304985368e-003, 2.4211546886430263e-003,
       9.9999164994245648e-001, 3.2921201887640269e-003,
       -2.5021927868000208e-003, -3.2860613512324019e-003,
       9.9999147037964964e-001 ]
P1: !!opencv-matrix
   rows: 3
   cols: 4
   dt: d
   data: [ 4.8860637168151948e+002, 0., 3.0843642425537109e+002, 0., 0.,
       4.8860637168151948e+002, 2.3349196243286133e+002, 0., 0., 0., 1.,
       0. ]
P2: !!opencv-matrix
   rows: 3
   cols: 4
   dt: d
   data: [ 4.8860637168151948e+002, 0., 3.0843642425537109e+002,
       -1.6850059015270122e+003, 0., 4.8860637168151948e+002,
       2.3349196243286133e+002, 0., 0., 0., 1., 0. ]
Q: !!opencv-matrix
   rows: 4
   cols: 4
   dt: d
   data: [ 1., 0., 0., -3.0843642425537109e+002, 0., 1., 0.,
       -2.3349196243286133e+002, 0., 0., 0., 4.8860637168151948e+002, 0.,
       0., -2.8997309222402551e-001, 0. ]
