%YAML:1.0
R: !!opencv-matrix
   rows: 3
   cols: 3
   dt: d
   data: [ 9.9998609666853544e-01, 2.3179809244462252e-03,
       -4.7363946267543287e-03, -2.3341667566870459e-03,
       9.9999144582260513e-01, -3.4146664797339624e-03,
       4.7284389790311267e-03, 3.4256745393783515e-03,
       9.9998295316408869e-01 ]
T: !!opencv-matrix
   rows: 3
   cols: 1
   dt: d
   data: [ 3.4434907946562920e+00, -1.9149952494984077e-03,
       -6.1182030482586858e-02 ]
R1: !!opencv-matrix
   rows: 3
   cols: 3
   dt: d
   data: [ 9.9974543949485362e-01, 1.7007311798800807e-03,
       -2.2498082644874889e-02, -1.7394511296872294e-03,
       9.9999703947067675e-01, -1.7015756372512248e-03,
       2.2495122115900285e-02, 1.7402767985699136e-03,
       9.9974543805793625e-01 ]
R2: !!opencv-matrix
   rows: 3
   cols: 3
   dt: d
   data: [ 9.9984204176281177e-01, -5.5603248981995253e-04,
       -1.7764637667052850e-02, 5.8660645017036175e-04,
       9.9999835580089980e-01, 1.7158928782608179e-03,
       1.7763654366262201e-02, -1.7260426898869688e-03,
       9.9984072399567148e-01 ]
P1: !!opencv-matrix
   rows: 3
   cols: 4
   dt: d
   data: [ 4.9753746032800751e+02, 0., 3.2380205535888672e+02, 0., 0.,
       4.9753746032800751e+02, 2.4023513412475586e+02, 0., 0., 0., 1.,
       0. ]
P2: !!opencv-matrix
   rows: 3
   cols: 4
   dt: d
   data: [ 4.9753746032800751e+02, 0., 3.2380205535888672e+02,
       1.7135363318144948e+03, 0., 4.9753746032800751e+02,
       2.4023513412475586e+02, 0., 0., 0., 1., 0. ]
Q: !!opencv-matrix
   rows: 4
   cols: 4
   dt: d
   data: [ 1., 0., 0., -3.2380205535888672e+02, 0., 1., 0.,
       -2.4023513412475586e+02, 0., 0., 0., 4.9753746032800751e+02, 0.,
       0., 2.9035711183383900e-01, 0. ]
