%YAML:1.0
M1: !!opencv-matrix
   rows: 3
   cols: 3
   dt: d
   data: [ 5.4178192957577824e+002, 0., 3.3582202581221947e+002, 0.,
       5.4178192957577824e+002, 2.2654592156634638e+002, 0., 0., 1. ]
D1: !!opencv-matrix
   rows: 1
   cols: 8
   dt: d
   data: [ -1.3623238832314405e-001, 2.6701962602381585e-001, 0., 0., 0.,
       0., 0., 1.9238320805801765e-001 ]
M2: !!opencv-matrix
   rows: 3
   cols: 3
   dt: d
   data: [ 5.4178192957577824e+002, 0., 2.8437904674463164e+002, 0.,
       5.4178192957577824e+002, 2.3991651941089032e+002, 0., 0., 1. ]
D2: !!opencv-matrix
   rows: 1
   cols: 8
   dt: d
   data: [ -1.2562790484791253e-001, 2.0989373281556029e-001, 0., 0., 0.,
       0., 0., 1.0238474465312872e-001 ]
