%YAML:1.0
M1: !!opencv-matrix
   rows: 3
   cols: 3
   dt: d
   data: [ 5.4819480673857618e+02, 0., 2.8044402487917318e+02, 0.,
       5.4877253308351999e+02, 2.3716739537596604e+02, 0., 0., 1. ]
D1: !!opencv-matrix
   rows: 1
   cols: 5
   dt: d
   data: [ -1.4820514609851898e-01, 4.2123386794941053e-01,
       -1.9790186951377580e-03, -1.7569973423651041e-03,
       -4.2818475019977958e-01 ]
M2: !!opencv-matrix
   rows: 3
   cols: 3
   dt: d
   data: [ 5.5158640639421583e+02, 0., 3.2973336116558153e+02, 0.,
       5.5255032025165895e+02, 2.1845300940069600e+02, 0., 0., 1. ]
D2: !!opencv-matrix
   rows: 1
   cols: 5
   dt: d
   data: [ -1.1937614243637931e-01, 2.4710999363605332e-01,
       -4.5960074479460475e-03, -3.5731764227814817e-03,
       -1.8142492215608277e-01 ]
