%YAML:1.0
M1: !!opencv-matrix
   rows: 3
   cols: 3
   dt: d
   data: [ 5.3822511782474680e+02, 0., 3.3395055517710949e+02, 0.,
       5.3917651578400842e+02, 2.2739517263219500e+02, 0., 0., 1. ]
D1: !!opencv-matrix
   rows: 1
   cols: 5
   dt: d
   data: [ -1.3102375108183084e-01, 2.3910663884554997e-01,
       8.8130875500919744e-04, -3.6124737379546012e-03,
       -1.6751291913584312e-01 ]
M2: !!opencv-matrix
   rows: 3
   cols: 3
   dt: d
   data: [ 5.3747033349549542e+02, 0., 2.9060073765532115e+02, 0.,
       5.3845735100243894e+02, 2.4098019694250982e+02, 0., 0., 1. ]
D2: !!opencv-matrix
   rows: 1
   cols: 5
   dt: d
   data: [ -1.2762631109683603e-01, 2.1454732858934297e-01,
       1.1447708038937621e-03, 1.8757237025593318e-03,
       -1.4076729773472174e-01 ]
