%YAML:1.0
M1: !!opencv-matrix
   rows: 3
   cols: 3
   dt: d
   data: [ 5.5077281281977071e+02, 0., 2.8431629258316553e+02, 0.,
       5.5017329068010372e+02, 2.4481403765861617e+02, 0., 0., 1. ]
D1: !!opencv-matrix
   rows: 1
   cols: 5
   dt: d
   data: [ -1.2713689099067207e-01, 2.6965306949219747e-01,
       -9.1728466385296488e-04, -1.2431065689821061e-03,
       -2.1988777839865109e-01 ]
M2: !!opencv-matrix
   rows: 3
   cols: 3
   dt: d
   data: [ 5.5053081961248802e+02, 0., 3.3711765172607403e+02, 0.,
       5.4982432698524292e+02, 2.3513950244727278e+02, 0., 0., 1. ]
D2: !!opencv-matrix
   rows: 1
   cols: 5
   dt: d
   data: [ -1.1327871258521935e-01, 2.4368261844251765e-01,
       1.8166760709937729e-03, -1.5329769909600505e-03,
       -1.9050654891748606e-01 ]
