%YAML:1.0
MinLimits: !!opencv-matrix
   rows: 19
   cols: 3
   dt: d
   data: [ -90., -50., -60.,
       -45., -90., -90.,
       -45., -20., -20.,
       0., -10., -20.,
       -90., -90., -10.,
       0., 0., 0.,
       -90., -90., -45.,
       0., -10., -20.,
       -90., -90., -140.,
       0., 0., -150.,
       -90., -90., -45.,
       0., -40., -20.,
       -90., -20., -40.,
       0., -150., 0.,
       0., -50., 0.,
       0., -40., -20.,
       -90., -20., -20.,
       0., -150., 0.,
       0., -50., 0. ]
MaxLimits: !!opencv-matrix
   rows: 19
   cols: 3
   dt: d
   data: [ 90., 90., 60.,
       45., 60., 90.,
       45., 90., 20.,
       0., 40., 20.,
       90., 40., 140.,
       0., 0., 150.,
       90., 90., 45.,
       0., 40., 20.,
       90., 40., 10.,
       0., 0., 0.,
       90., 90., 45.,
       0., 40., 20.,
       90., 100., 20.,
       0., 0., 0.,
       0., 20., 0.,
       0., 40., 20.,
       90., 100., 40.,
       0., 0., 0.,
       0., 20., 0. ]
