%YAML:1.0
R: !!opencv-matrix
   rows: 3
   cols: 3
   dt: d
   data: [ 9.9998795949539065e-001, -2.1976099021101406e-003,
       4.3876388824744253e-003, 2.2805453007453871e-003,
       9.9981712224520436e-001, -1.8987395251835997e-002,
       -4.3451095931060354e-003, 1.8997172843250743e-002,
       9.9981009569147061e-001 ]
T: !!opencv-matrix
   rows: 3
   cols: 1
   dt: d
   data: [ -8.3775308837556409e+001, 8.1082164764051945e-002,
       -2.6581018637015013e+000 ]
R1: !!opencv-matrix
   rows: 3
   cols: 3
   dt: d
   data: [ 9.9934451233652433e-001, -2.5612353848388880e-003,
       3.6110742669980031e-002, 2.9046713837812686e-003,
       9.9995102138426062e-001, -9.4613802759478411e-003,
       -3.6084741193838553e-002, 9.5600682987780870e-003,
       9.9930300537279293e-001 ]
R2: !!opencv-matrix
   rows: 3
   cols: 3
   dt: d
   data: [ 9.9949654921917441e-001, -9.6736550434027482e-004,
       3.1712967425695009e-002, 6.6562102387303661e-004,
       9.9995442378816612e-001, 9.5240377534519405e-003,
       -3.1720735294358447e-002, -9.4981340513604108e-003,
       9.9945163985153751e-001 ]
P1: !!opencv-matrix
   rows: 3
   cols: 4
   dt: d
   data: [ 4.9768683241312038e+002, 0., 2.8643309020996094e+002, 0., 0.,
       4.9768683241312038e+002, 2.4615743446350098e+002, 0., 0., 0., 1.,
       0. ]
P2: !!opencv-matrix
   rows: 3
   cols: 4
   dt: d
   data: [ 4.9768683241312038e+002, 0., 2.8643309020996094e+002,
       -4.1714869473402752e+004, 0., 4.9768683241312038e+002,
       2.4615743446350098e+002, 0., 0., 0., 1., 0. ]
Q: !!opencv-matrix
   rows: 4
   cols: 4
   dt: d
   data: [ 1., 0., 0., -2.8643309020996094e+002, 0., 1., 0.,
       -2.4615743446350098e+002, 0., 0., 0., 4.9768683241312038e+002, 0.,
       0., 1.1930681761582492e-002, 0. ]
