%YAML:1.0
M1: !!opencv-matrix
   rows: 3
   cols: 3
   dt: d
   data: [ 5.2762135077248536e+02, 0., 3.2969757418517793e+02, 0.,
       5.2788060456494713e+02, 2.3672154941081877e+02, 0., 0., 1. ]
D1: !!opencv-matrix
   rows: 1
   cols: 5
   dt: d
   data: [ -3.6897506732128899e-01, 2.0895272785923910e-01,
       2.3561881613513473e-04, 2.9333642142814813e-04,
       -4.2128031502492745e-02 ]
M2: !!opencv-matrix
   rows: 3
   cols: 3
   dt: d
   data: [ 5.2786523125379392e+02, 0., 3.2189796522015507e+02, 0.,
       5.2791609120947010e+02, 2.5058065116234403e+02, 0., 0., 1. ]
D2: !!opencv-matrix
   rows: 1
   cols: 5
   dt: d
   data: [ -3.6454466428147075e-01, 1.8546194030048971e-01,
       4.0323251138512858e-04, -1.3168996184179222e-03,
       -3.9612555222635404e-02 ]
