%YAML:1.0
R: !!opencv-matrix
   rows: 3
   cols: 3
   dt: d
   data: [ 9.9970319818049058e-01, -2.3932813921605053e-02,
       4.5536760416691191e-03, 2.3931487691632801e-02,
       9.9971354122796130e-01, 3.4551745905563584e-04,
       -4.5606408062762050e-03, -2.3643866670222219e-04,
       9.9998957227172780e-01 ]
T: !!opencv-matrix
   rows: 3
   cols: 1
   dt: d
   data: [ -4.8851044150371958e+00, -7.6320385646598168e-02,
       -3.2100786057891510e-02 ]
R1: !!opencv-matrix
   rows: 3
   cols: 3
   dt: d
   data: [ 9.9990350686482299e-01, -8.3145670744455193e-03,
       1.1128563869321690e-02, 8.3135834612323833e-03,
       9.9996543250295056e-01, 1.3464479250414858e-04,
       -1.1129298695881473e-02, -4.2113555674723216e-05,
       9.9993806655061712e-01 ]
R2: !!opencv-matrix
   rows: 3
   cols: 3
   dt: d
   data: [ 9.9985640054595315e-01, 1.5620838286691887e-02,
       6.5702129730892261e-03, -1.5620257520826400e-02,
       9.9987798657547711e-01, -1.3970237312411674e-04,
       -6.5715935870833738e-03, 3.7053893333279203e-05,
       9.9997840615922062e-01 ]
P1: !!opencv-matrix
   rows: 3
   cols: 4
   dt: d
   data: [ 3.9363845192171129e+02, 0., 3.2041499328613281e+02, 0., 0.,
       3.9363845192171129e+02, 2.4468395805358887e+02, 0., 0., 0., 1.,
       0. ]
P2: !!opencv-matrix
   rows: 3
   cols: 4
   dt: d
   data: [ 3.9363845192171129e+02, 0., 3.2041499328613281e+02,
       -1.9232411157853865e+03, 0., 3.9363845192171129e+02,
       2.4468395805358887e+02, 0., 0., 0., 1., 0. ]
Q: !!opencv-matrix
   rows: 4
   cols: 4
   dt: d
   data: [ 1., 0., 0., -3.2041499328613281e+02, 0., 1., 0.,
       -2.4468395805358887e+02, 0., 0., 0., 3.9363845192171129e+02, 0.,
       0., -2.0467451984613105e-01, 0. ]
