%YAML:1.0
M1: !!opencv-matrix
   rows: 3
   cols: 3
   dt: d
   data: [ 5.2599879771787550e+002, 0., 3.2472513413235481e+002, 0.,
       5.2599879771787550e+002, 2.4417089387625634e+002, 0., 0., 1. ]
D1: !!opencv-matrix
   rows: 1
   cols: 8
   dt: d
   data: [ -3.6019963396206883e-001, 2.0490276845635894e-001, 0., 0., 0.,
       0., 0., 7.0260962795317142e-002 ]
M2: !!opencv-matrix
   rows: 3
   cols: 3
   dt: d
   data: [ 5.2599879771787550e+002, 0., 3.2442468215989402e+002, 0.,
       5.2599879771787550e+002, 2.4487309213674632e+002, 0., 0., 1. ]
D2: !!opencv-matrix
   rows: 1
   cols: 8
   dt: d
   data: [ -3.5437992678019609e-001, 1.6569377966525192e-001, 0., 0., 0.,
       0., 0., 2.4177247317312439e-002 ]
